
Test Results for linux-gnu with command grep lorem

00.631
00.644
00.611
00.640
00.655
00.691
00.667
00.843
00.711
00.688
00.721
00.666
00.666
00.654
00.654
00.663
00.693
00.651
00.651
00.668
00.664
00.679
00.662
00.679
00.678
00.677
00.646
00.703
00.668
00.667
00.664
00.663
00.672
00.677
00.672
00.647
00.638
00.650
00.728
00.764

Test Results for linux-gnu with command awk /lorem/

00.852
00.893
00.876
00.868
00.926
00.841
00.863
00.815
00.794
00.806
00.779
00.796
00.825
00.794
00.827
00.832
00.787
00.807
00.795
00.795
00.756
00.808
00.823
00.853
00.766
00.818
00.769
00.863
00.817
00.761
00.780
00.824
00.806
00.820
00.814
00.746
00.799
00.821
00.807
00.824

Test Results for linux-gnu with command sed s/lorem//g

00.693
00.658
00.664
00.650
00.655
00.655
00.663
00.644
00.665
00.651
00.627
00.654
00.666
00.670
00.672
00.661
00.685
00.672
00.702
00.649
00.645
00.656
00.649
00.653
00.660
00.695
00.679
00.669
00.646
00.656
00.664
00.663
00.679
00.686
00.677
00.666
00.733
00.698
00.663
00.693

Test Results for linux-gnu with command cat DUMMY

00.583
00.540
00.598
00.562
00.577
00.552
00.557
00.521
00.562
00.552
00.553
00.560
00.573
00.576
00.567
00.542
00.561
00.548
00.553
00.568
00.539
00.556
00.550
00.535
00.554
00.563
00.547
00.541
00.559
00.571
00.552
00.540
00.562
00.571
00.576
00.629
00.610
00.560
00.561
00.561

Test Results for linux-gnu with command ls -al /

00.823
00.795
00.767
00.789
00.842
00.921
00.762
00.767
00.800
00.775
00.734
00.736
00.773
00.762
00.785
00.810
00.799
00.760
00.799
00.748
00.771
00.758
00.723
00.701
00.783
00.754
00.814
00.841
00.744
00.775
00.763
00.756
00.795
00.808
00.766
00.755
00.788
00.781
00.791
00.786
