
Test Results for linux-musl with command grep lorem

00.308
00.305
00.295
00.306
00.290
00.299
00.296
00.305
00.308
00.301
00.300
00.299
00.304
00.305
00.316
00.298
00.297
00.297
00.315
00.300
00.306
00.298
00.332
00.295
00.302
00.330
00.305
00.288
00.304
00.282
00.319
00.305
00.316
00.307
00.316
00.302
00.300
00.286
00.309
00.291

Test Results for linux-musl with command awk /lorem/

00.352
00.334
00.347
00.327
00.350
00.343
00.335
00.334
00.343
00.333
00.351
00.339
00.328
00.348
00.332
00.341
00.332
00.339
00.352
00.335
00.365
00.347
00.348
00.337
00.337
00.326
00.319
00.346
00.346
00.329
00.346
00.337
00.333
00.331
00.328
00.324
00.344
00.334
00.343
00.336

Test Results for linux-musl with command sed s/lorem//g

00.364
00.350
00.342
00.374
00.354
00.353
00.346
00.342
00.358
00.343
00.344
00.351
00.360
00.349
00.359
00.344
00.347
00.351
00.355
00.356
00.343
00.355
00.334
00.338
00.363
00.344
00.358
00.349
00.341
00.356
00.337
00.351
00.340
00.352
00.335
00.341
00.340
00.347
00.332
00.366

Test Results for linux-musl with command cat DUMMY

00.166
00.168
00.172
00.172
00.171
00.165
00.176
00.181
00.158
00.183
00.170
00.163
00.172
00.176
00.157
00.170
00.173
00.169
00.166
00.170
00.170
00.162
00.169
00.175
00.163
00.168
00.170
00.171
00.174
00.171
00.171
00.175
00.168
00.161
00.186
00.170
00.162
00.174
00.161
00.167

Test Results for linux-musl with command ls -al /

00.272
00.276
00.273
00.280
00.275
00.270
00.278
00.284
00.282
00.279
00.292
00.303
00.282
00.305
00.273
00.315
00.308
00.328
00.300
00.286
00.310
00.304
00.309
00.290
00.287
00.304
00.273
00.285
00.293
00.274
00.281
00.299
00.276
00.297
00.281
00.265
00.298
00.265
00.282
00.279
