
Test Results for freebsd13.0 with command grep lorem

00.114
00.190
00.181
00.153
00.133
00.193
00.138
00.151
00.167
00.132
00.144
00.162
00.164
00.130
00.173
00.160
00.166
00.142
00.135
00.182
00.125
00.160
00.095
00.116
00.202
00.143
00.139
00.150
00.211
00.169
00.156
00.137
00.198
00.137
00.226
00.151
00.146
00.174
00.186
00.181

Test Results for freebsd13.0 with command awk /lorem/

00.230
00.247
00.228
00.167
00.160
00.180
00.192
00.203
00.155
00.229
00.217
00.203
00.229
00.210
00.228
00.200
00.198
00.158
00.150
00.248
00.124
00.195
00.196
00.196
00.180
00.157
00.210
00.214
00.184
00.195
00.227
00.177
00.198
00.186
00.162
00.208
00.158
00.171
00.194
00.230

Test Results for freebsd13.0 with command sed s/lorem//g

00.168
00.148
00.190
00.173
00.146
00.154
00.113
00.191
00.209
00.148
00.203
00.192
00.124
00.166
00.130
00.198
00.199
00.139
00.138
00.133
00.150
00.156
00.158
00.157
00.201
00.137
00.113
00.140
00.161
00.220
00.193
00.189
00.139
00.131
00.136
00.169
00.158
00.177
00.180
00.165

Test Results for freebsd13.0 with command cat DUMMY

00.162
00.178
00.170
00.137
00.116
00.153
00.138
00.108
00.145
00.135
00.158
00.068
00.124
00.139
00.116
00.138
00.048
00.132
00.145
00.127
00.131
00.133
00.134
00.120
00.144
00.125
00.133
00.155
00.114
00.107
00.133
00.145
00.121
00.133
00.164
00.200
00.108
00.097
00.140
00.198

Test Results for freebsd13.0 with command ls -al /

00.269
00.236
00.327
00.299
00.301
00.294
00.291
00.287
00.259
00.267
00.270
00.199
00.287
00.314
00.276
00.318
00.242
00.264
00.283
00.342
00.275
00.248
00.291
00.286
00.291
00.345
00.365
00.269
00.373
00.262
00.285
00.277
00.303
00.228
00.276
00.277
00.278
00.337
00.344
00.221
